#H2O Chem Phys Special Issue vol 258, pp 121-137 (2000)
#T=298K Case (a) g_OO(r)

# Bin no.        r             g(r)        std.
      1 0.0000000E+00 0.0000000E+00 0.0000000E+00
      2 0.7500000E-02 0.0000000E+00 0.0000000E+00
      3 0.3000000E-01 0.0000000E+00 0.0000000E+00
      4 0.5999999E-01 0.0000000E+00 0.0000000E+00
      5 0.9000000E-01 0.0000000E+00 0.0000000E+00
      6 0.1200000     0.0000000E+00 0.0000000E+00
      7 0.1500000     0.0000000E+00 0.0000000E+00
      8 0.1800000     0.0000000E+00 0.0000000E+00
      9 0.2100000     0.0000000E+00 0.0000000E+00
     10 0.2400000     0.0000000E+00 0.0000000E+00
     11 0.2700000     0.0000000E+00 0.0000000E+00
     12 0.3000000     0.0000000E+00 0.0000000E+00
     13 0.3300000     0.0000000E+00 0.0000000E+00
     14 0.3600000     0.0000000E+00 0.0000000E+00
     15 0.3900000     0.0000000E+00 0.0000000E+00
     16 0.4200000     0.0000000E+00 0.0000000E+00
     17 0.4500000     0.0000000E+00 0.0000000E+00
     18 0.4800000     0.0000000E+00 0.0000000E+00
     19 0.5100000     0.0000000E+00 0.0000000E+00
     20 0.5400000     0.0000000E+00 0.0000000E+00
     21 0.5699999     0.0000000E+00 0.0000000E+00
     22 0.5999999     0.0000000E+00 0.0000000E+00
     23 0.6299999     0.0000000E+00 0.0000000E+00
     24 0.6599998     0.0000000E+00 0.0000000E+00
     25 0.6899998     0.0000000E+00 0.0000000E+00
     26 0.7199998     0.0000000E+00 0.0000000E+00
     27 0.7499998     0.0000000E+00 0.0000000E+00
     28 0.7799997     0.0000000E+00 0.0000000E+00
     29 0.8099997     0.0000000E+00 0.0000000E+00
     30 0.8399997     0.0000000E+00 0.0000000E+00
     31 0.8699996     0.0000000E+00 0.0000000E+00
     32 0.8999996     0.0000000E+00 0.0000000E+00
     33 0.9299996     0.0000000E+00 0.0000000E+00
     34 0.9599996     0.0000000E+00 0.0000000E+00
     35 0.9899995     0.0000000E+00 0.0000000E+00
     36  1.020000     0.0000000E+00 0.0000000E+00
     37  1.049999     0.0000000E+00 0.0000000E+00
     38  1.079999     0.0000000E+00 0.0000000E+00
     39  1.109999     0.0000000E+00 0.0000000E+00
     40  1.139999     0.0000000E+00 0.0000000E+00
     41  1.169999     0.0000000E+00 0.0000000E+00
     42  1.199999     0.0000000E+00 0.0000000E+00
     43  1.229999     0.0000000E+00 0.0000000E+00
     44  1.259999     0.0000000E+00 0.0000000E+00
     45  1.289999     0.0000000E+00 0.0000000E+00
     46  1.319999     0.0000000E+00 0.0000000E+00
     47  1.349999     0.0000000E+00 0.0000000E+00
     48  1.379999     0.0000000E+00 0.0000000E+00
     49  1.409999     0.0000000E+00 0.0000000E+00
     50  1.439999     0.0000000E+00 0.0000000E+00
     51  1.469999     0.0000000E+00 0.0000000E+00
     52  1.499999     0.0000000E+00 0.0000000E+00
     53  1.529999     0.0000000E+00 0.0000000E+00
     54  1.559999     0.0000000E+00 0.0000000E+00
     55  1.589999     0.0000000E+00 0.0000000E+00
     56  1.619999     0.0000000E+00 0.0000000E+00
     57  1.649999     0.0000000E+00 0.0000000E+00
     58  1.679999     0.0000000E+00 0.0000000E+00
     59  1.709999     0.0000000E+00 0.0000000E+00
     60  1.739999     0.0000000E+00 0.0000000E+00
     61  1.769999     0.0000000E+00 0.0000000E+00
     62  1.799999     0.0000000E+00 0.0000000E+00
     63  1.829999     0.0000000E+00 0.0000000E+00
     64  1.859999     0.0000000E+00 0.0000000E+00
     65  1.889999     0.0000000E+00 0.0000000E+00
     66  1.919999     0.0000000E+00 0.0000000E+00
     67  1.949999     0.0000000E+00 0.0000000E+00
     68  1.979999     0.0000000E+00 0.0000000E+00
     69  2.009999     0.0000000E+00 0.0000000E+00
     70  2.039999     0.0000000E+00 0.0000000E+00
     71  2.069999     0.0000000E+00 0.0000000E+00
     72  2.099998     0.0000000E+00 0.0000000E+00
     73  2.129998     0.0000000E+00 0.0000000E+00
     74  2.159998     0.0000000E+00 0.0000000E+00
     75  2.189998     0.0000000E+00 0.0000000E+00
     76  2.219998     0.0000000E+00 0.0000000E+00
     77  2.249998     0.3679304E-04 0.1448538E-02
     78  2.279998     0.4442665E-03 0.4948742E-02
     79  2.309998     0.1423973E-02 0.8750181E-02
     80  2.339998     0.4591633E-02 0.1555487E-01
     81  2.369998     0.1043060E-01 0.2353171E-01
     82  2.399998     0.2320772E-01 0.3404317E-01
     83  2.429998     0.5321758E-01 0.5188191E-01
     84  2.459998     0.1152606     0.7642315E-01
     85  2.489998     0.2467504     0.1144519    
     86  2.519998     0.4515013     0.1532206    
     87  2.549998     0.7778286     0.1969678    
     88  2.579998      1.177966     0.2352196    
     89  2.609998      1.635739     0.2660295    
     90  2.639998      2.078398     0.2871243    
     91  2.669998      2.444141     0.3099436    
     92  2.699998      2.660500     0.3109259    
     93  2.729998      2.750478     0.3184305    
     94  2.759998      2.741458     0.3107771    
     95  2.789998      2.620422     0.3045732    
     96  2.819998      2.437901     0.2934233    
     97  2.849998      2.234889     0.2843843    
     98  2.879998      2.008149     0.2655694    
     99  2.909998      1.797941     0.2435442    
    100  2.939998      1.605115     0.2318292    
    101  2.969998      1.439321     0.2153176    
    102  2.999998      1.294060     0.2007632    
    103  3.029998      1.188888     0.1942298    
    104  3.059998      1.086614     0.1826214    
    105  3.089998      1.016223     0.1749182    
    106  3.119998     0.9471452     0.1633106    
    107  3.149997     0.9015113     0.1618684    
    108  3.179997     0.8616711     0.1559310    
    109  3.209997     0.8403011     0.1539039    
    110  3.239997     0.8191254     0.1508163    
    111  3.269997     0.8073213     0.1469214    
    112  3.299997     0.7942226     0.1447311    
    113  3.329997     0.7836796     0.1412053    
    114  3.359997     0.7800003     0.1419986    
    115  3.389997     0.7874304     0.1417133    
    116  3.419997     0.7879868     0.1369518    
    117  3.449997     0.7902403     0.1357648    
    118  3.479997     0.7979103     0.1381012    
    119  3.509997     0.7992695     0.1363376    
    120  3.539997     0.8073941     0.1348717    
    121  3.569997     0.8210387     0.1321541    
    122  3.599997     0.8286147     0.1344818    
    123  3.629997     0.8449718     0.1353898    
    124  3.659997     0.8517148     0.1325913    
    125  3.689997     0.8747811     0.1352288    
    126  3.719997     0.8910520     0.1355174    
    127  3.749997     0.9066138     0.1358914    
    128  3.779997     0.9170968     0.1333850    
    129  3.809997     0.9353535     0.1335692    
    130  3.839997     0.9548444     0.1348633    
    131  3.869997     0.9761706     0.1367329    
    132  3.899997     0.9892080     0.1342891    
    133  3.929997      1.003233     0.1346546    
    134  3.959997      1.021954     0.1357374    
    135  3.989997      1.025584     0.1338879    
    136  4.019997      1.034068     0.1329780    
    137  4.049997      1.055291     0.1328852    
    138  4.079998      1.066937     0.1355396    
    139  4.109998      1.072347     0.1323229    
    140  4.139998      1.084788     0.1312010    
    141  4.169998      1.085427     0.1287082    
    142  4.199998      1.100055     0.1300452    
    143  4.229999      1.103062     0.1329197    
    144  4.259999      1.114598     0.1291483    
    145  4.289999      1.126783     0.1303089    
    146  4.319999      1.127537     0.1316581    
    147  4.349999      1.134589     0.1329130    
    148  4.380000      1.140263     0.1314660    
    149  4.410000      1.151283     0.1282484    
    150  4.440000      1.151908     0.1287082    
    151  4.470000      1.154902     0.1268517    
    152  4.500000      1.160721     0.1258194    
    153  4.530001      1.160673     0.1255429    
    154  4.560001      1.153215     0.1240451    
    155  4.590001      1.157929     0.1216399    
    156  4.620001      1.151650     0.1231079    
    157  4.650002      1.143771     0.1233130    
    158  4.680002      1.139757     0.1213612    
    159  4.710002      1.131490     0.1193211    
    160  4.740002      1.116257     0.1196633    
    161  4.770002      1.109652     0.1158107    
    162  4.800003      1.096387     0.1158750    
    163  4.830003      1.084768     0.1122601    
    164  4.860003      1.071471     0.1135855    
    165  4.890003      1.057181     0.1103996    
    166  4.920003      1.045705     0.1107672    
    167  4.950004      1.032087     0.1077355    
    168  4.980004      1.019307     0.1081171    
    169  5.010004      1.002530     0.1051994    
    170  5.040004     0.9872173     0.1055953    
    171  5.070004     0.9773894     0.1017856    
    172  5.100005     0.9638448     0.1005213    
    173  5.130005     0.9535507     0.1007434    
    174  5.160005     0.9381640     0.9981351E-01
    175  5.190005     0.9295661     0.9679676E-01
    176  5.220006     0.9196875     0.9601775E-01
    177  5.250006     0.9138566     0.9640649E-01
    178  5.280006     0.9084564     0.9679952E-01
    179  5.310006     0.8996010     0.9380180E-01
    180  5.340006     0.8936439     0.9308036E-01
    181  5.370007     0.8887704     0.9141526E-01
    182  5.400007     0.8836660     0.9332146E-01
    183  5.430007     0.8827149     0.9094951E-01
    184  5.460007     0.8795737     0.9044281E-01
    185  5.490007     0.8834169     0.9109554E-01
    186  5.520008     0.8810109     0.9033038E-01
    187  5.550008     0.8789060     0.8836373E-01
    188  5.580008     0.8772315     0.8917752E-01
    189  5.610008     0.8827453     0.8813307E-01
    190  5.640008     0.8824743     0.8864120E-01
    191  5.670009     0.8862094     0.8874335E-01
    192  5.700009     0.8917826     0.8802446E-01
    193  5.730009     0.8976791     0.8833573E-01
    194  5.760009     0.9026673     0.8756042E-01
    195  5.790009     0.9073505     0.8891714E-01
    196  5.820010     0.9130673     0.8580006E-01
    197  5.850010     0.9209640     0.8724740E-01
    198  5.880010     0.9290558     0.8731740E-01
    199  5.910010     0.9331741     0.8557817E-01
    200  5.940011     0.9387136     0.8504052E-01
    201  5.970011     0.9512350     0.8655465E-01
    202  6.000011     0.9558408     0.8531344E-01
    203  6.030011     0.9609219     0.8688594E-01
    204  6.060011     0.9636700     0.8506120E-01
    205  6.090012     0.9708414     0.8573335E-01
    206  6.120012     0.9803780     0.8637024E-01
    207  6.150012     0.9879083     0.8576705E-01
    208  6.180012     0.9892616     0.8377901E-01
    209  6.210012     0.9994189     0.8347967E-01
    210  6.240013      1.004968     0.8638646E-01
    211  6.270013      1.011831     0.8381671E-01
    212  6.300013      1.016150     0.8598465E-01
    213  6.330013      1.022682     0.8521802E-01
    214  6.360013      1.025996     0.8555448E-01
    215  6.390014      1.028574     0.8555448E-01
    216  6.420014      1.033839     0.8341682E-01
    217  6.450014      1.039039     0.8510114E-01
    218  6.480014      1.043233     0.8530540E-01
    219  6.510015      1.044240     0.8450440E-01
    220  6.540015      1.050630     0.8367152E-01
    221  6.570015      1.050528     0.8280003E-01
    222  6.600015      1.050625     0.8377119E-01
    223  6.630015      1.051717     0.8416445E-01
    224  6.660016      1.057765     0.8146984E-01
    225  6.690016      1.057092     0.8203052E-01
    226  6.720016      1.058475     0.8223735E-01
    227  6.750016      1.059406     0.8187997E-01
    228  6.780016      1.061289     0.8151811E-01
    229  6.810017      1.058694     0.7936035E-01
    230  6.840017      1.058682     0.7857916E-01
    231  6.870017      1.059088     0.7989033E-01
    232  6.900017      1.057881     0.7708196E-01
    233  6.930017      1.055893     0.7684110E-01
    234  6.960018      1.055734     0.8010417E-01
    235  6.990018      1.057651     0.7867922E-01
    236  7.020018      1.052750     0.7861935E-01
    237  7.050018      1.048192     0.7670757E-01
    238  7.080019      1.043267     0.7544933E-01
    239  7.110019      1.042491     0.7672933E-01
    240  7.140019      1.038092     0.7587316E-01
    241  7.170019      1.036644     0.7588886E-01
    242  7.200019      1.032196     0.7481307E-01
    243  7.230020      1.029268     0.7397904E-01
    244  7.260020      1.025189     0.7569540E-01
    245  7.290020      1.020222     0.7330482E-01
    246  7.320020      1.018023     0.7298784E-01
    247  7.350020      1.013832     0.7237853E-01
    248  7.380021      1.009232     0.7425488E-01
    249  7.410021      1.008945     0.7148861E-01
    250  7.440021      1.005368     0.7092442E-01
    251  7.470021     0.9982556     0.7167887E-01
    252  7.500021     0.9973147     0.7054397E-01
    253  7.530022     0.9926816     0.7045562E-01
    254  7.560022     0.9892640     0.6989034E-01
    255  7.590022     0.9856818     0.6944374E-01
    256  7.620022     0.9825418     0.6964772E-01
    257  7.650023     0.9806194     0.6839380E-01
    258  7.680023     0.9793572     0.6966098E-01
    259  7.710023     0.9751740     0.6819089E-01
    260  7.740023     0.9784985     0.6817034E-01
    261  7.770023     0.9758866     0.6754714E-01
    262  7.800024     0.9717006     0.6609946E-01
    263  7.830024     0.9720550     0.6568154E-01
    264  7.860024     0.9714724     0.6631823E-01
    265  7.890024     0.9704607     0.6759875E-01
    266  7.920024     0.9702045     0.6695287E-01
    267  7.950025     0.9709283     0.6557846E-01
    268  7.980025     0.9730079     0.6549069E-01
    269  8.010024     0.9730635     0.6491524E-01
    270  8.040024     0.9747310     0.6331720E-01
    271  8.070024     0.9762729     0.6513066E-01
    272  8.100023     0.9776741     0.6500699E-01
    273  8.130023     0.9764012     0.6515171E-01
    274  8.160023     0.9790957     0.6477875E-01
    275  8.190022     0.9813725     0.6457324E-01
    276  8.220022     0.9839786     0.6452984E-01
    277  8.250022     0.9857554     0.6502854E-01
    278  8.280022     0.9863810     0.6396857E-01
    279  8.310021     0.9867296     0.6379736E-01
    280  8.340021     0.9899862     0.6338353E-01
    281  8.370021     0.9897984     0.6319659E-01
    282  8.400021     0.9930689     0.6340657E-01
    283  8.430020     0.9923584     0.6225251E-01
    284  8.460020     0.9951777     0.6447531E-01
    285  8.490020     0.9938986     0.6355398E-01
    286  8.520020     0.9965270     0.6407145E-01
    287  8.550019     0.9990824     0.6345872E-01
    288  8.580019     0.9992037     0.6231328E-01
    289  8.610019     0.9978844     0.6185148E-01
    290  8.640018     0.9995075     0.6036744E-01
    291  8.670018     0.9991942     0.6246041E-01
    292  8.700018      1.001070     0.6157864E-01
    293  8.730018      1.000000     0.6158928E-01
    294  8.760017     0.9998036     0.6141532E-01
    295  8.790017     0.9989501     0.6020826E-01
    296  8.820017      1.001059     0.5944210E-01
    297  8.850017     0.9998525     0.5927039E-01
    298  8.880016     0.9991792     0.6033633E-01
    299  8.910016     0.9985895     0.5939947E-01
    300  8.940016      1.000785     0.5895781E-01
    301  8.970016      1.003029     0.5936383E-01
    302  9.000015      1.001644     0.5879482E-01
    303  9.030015      1.000288     0.5986575E-01
    304  9.060015      1.000168     0.5845422E-01
    305  9.090014      1.001215     0.5896792E-01
    306  9.120014      1.003141     0.5821718E-01
    307  9.150014      1.003159     0.5836136E-01
    308  9.180014      1.003395     0.5931663E-01
    309  9.210013      1.001655     0.5907699E-01
    310  9.240013      1.002577     0.5852657E-01
    311  9.270013      1.003379     0.5696905E-01
    312  9.300013      1.001941     0.5737876E-01
    313  9.330012      1.006279     0.5730496E-01
    314  9.360012      1.003079     0.5598119E-01
    315  9.390012      1.004206     0.5598012E-01
    316  9.420012      1.004860     0.5596947E-01
    317  9.450011      1.004074     0.5680560E-01
    318  9.480011      1.001807     0.5599396E-01
    319  9.510011      1.002746     0.5534297E-01
    320  9.540010      1.001901     0.5518226E-01
    321  9.570010      1.002837     0.5527292E-01
    322  9.600010      1.004624     0.5610987E-01
    323  9.630010      1.002691     0.5568548E-01
    324  9.660009      1.003590     0.5464607E-01
    325  9.690009      1.003480     0.5515417E-01
    326  9.720009      1.002195     0.5583085E-01
    327  9.750009      1.003485     0.5438914E-01
    328  9.780008      1.002246     0.5424539E-01
    329  9.810008      1.000576     0.5378191E-01
    330  9.840008      1.003964     0.5309820E-01
    331  9.870008      1.001624     0.5346958E-01
    332  9.900007      1.001180     0.5390368E-01
    333  9.930007      1.002708     0.5324841E-01
    334  9.960007      1.003867     0.5337251E-01
    335  9.990006      1.004679     0.5355201E-01
    336  10.02001      1.003095     0.5305665E-01
    337  10.05001      1.004657     0.5153623E-01
    338  10.08001      1.005281     0.5258043E-01
    339  10.11001      1.003790     0.5339819E-01
    340  10.14001      1.005208     0.5269593E-01
    341  10.17000      1.006840     0.5299370E-01
    342  10.20000      1.004486     0.5179120E-01
    343  10.23000      1.004783     0.5201513E-01
    344  10.26000      1.006144     0.5247376E-01
    345  10.29000      1.002800     0.5171634E-01
    346  10.32000      1.006470     0.5133343E-01
    347  10.35000      1.003886     0.5023605E-01
    348  10.38000      1.003743     0.5055185E-01
    349  10.41000      1.005918     0.5163675E-01
    350  10.44000      1.006384     0.5231108E-01
    351  10.47000      1.006721     0.5009942E-01
    352  10.50000      1.003334     0.4993735E-01
    353  10.53000      1.003597     0.4980828E-01
    354  10.56000      1.002646     0.5065197E-01
    355  10.59000      1.005069     0.5044562E-01
    356  10.62000      1.002882     0.5087155E-01
    357  10.65000      1.003616     0.4970286E-01
    358  10.68000      1.003562     0.5154317E-01
    359  10.71000      1.005396     0.4949737E-01
    360  10.74000      1.005270     0.4989078E-01
    361  10.77000      1.001126     0.4871202E-01
    362  10.80000      1.003721     0.4985851E-01
    363  10.83000      1.003117     0.4837682E-01
    364  10.86000      1.001877     0.4987405E-01
    365  10.89000      1.001346     0.4903034E-01
    366  10.92000      1.003427     0.4865815E-01
    367  10.95000      1.000085     0.4943591E-01
    368  10.98000      1.001601     0.4840146E-01
    369  11.01000      1.000547     0.4797099E-01
    370  11.04000      1.001990     0.4914084E-01
    371  11.07000     0.9987745     0.4813473E-01
    372  11.10000      1.000454     0.4884643E-01
    373  11.13000     0.9995386     0.4793867E-01
    374  11.16000     0.9997680     0.4809074E-01
    375  11.19000      1.000575     0.4737838E-01
    376  11.22000     0.9990068     0.4762244E-01
    377  11.25000     0.9999112     0.4715392E-01
    378  11.27999     0.9996253     0.4797472E-01
    379  11.30999     0.9969959     0.4707864E-01
    380  11.33999     0.9981893     0.4716276E-01
    381  11.36999     0.9966745     0.4744124E-01
    382  11.39999     0.9955378     0.4710459E-01
    383  11.42999     0.9950005     0.4648427E-01
    384  11.45999     0.9947599     0.4594516E-01
    385  11.48999     0.9931349     0.4643873E-01
    386  11.51999     0.9952046     0.4686991E-01
    387  11.54999     0.9940413     0.4574494E-01
    388  11.57999     0.9947714     0.4638158E-01
    389  11.60999     0.9939804     0.4590882E-01
    390  11.63999     0.9963487     0.4447248E-01
    391  11.66999     0.9942762     0.4534908E-01
    392  11.69999     0.9949928     0.4498949E-01
    393  11.72999     0.9931981     0.4519900E-01
    394  11.75999     0.9933754     0.4491723E-01
    395  11.78999     0.9952150     0.4592505E-01
    396  11.81999     0.9963378     0.4451334E-01
    397  11.84999     0.9938220     0.4523393E-01
    398  11.87999     0.9945114     0.4400156E-01
    399  11.90999     0.9955375     0.4439736E-01
    400  11.93999     0.9948949     0.4481427E-01
    401  11.96999     0.9950398     0.4486545E-01
    402  11.99999     0.9951226     0.4487608E-01
    403  12.02999     0.9957833     0.4509800E-01
    404  12.05999     0.9959788     0.4386454E-01
    405  12.08999     0.9940588     0.4412804E-01
    406  12.11999     0.9955115     0.4263383E-01
    407  12.14999     0.9970798     0.4426223E-01
    408  12.17999     0.9966902     0.4363429E-01
    409  12.20999     0.9954905     0.4387201E-01
    410  12.23999     0.9970434     0.4338840E-01
    411  12.26999     0.9980369     0.4319151E-01
    412  12.29999     0.9972447     0.4391886E-01
    413  12.32999     0.9970769     0.4357414E-01
    414  12.35999     0.9984494     0.4253656E-01
    415  12.38999     0.9994074     0.4299926E-01
    416  12.41998     0.9976634     0.4265061E-01
    417  12.44998     0.9990629     0.4310033E-01
    418  12.47998     0.9998347     0.4238073E-01
    419  12.50998     0.9987840     0.4225114E-01
    420  12.53998      1.000475     0.4277271E-01
    421  12.56998      1.002153     0.4288266E-01
    422  12.59998      1.002192     0.4244819E-01
    423  12.62998      1.002309     0.4208435E-01
    424  12.65998      1.004136     0.4122436E-01
    425  12.68998      1.003143     0.4256737E-01
    426  12.71998      1.004154     0.4170019E-01
    427  12.74998      1.006740     0.4211125E-01
    428  12.77998      1.006390     0.4183434E-01
    429  12.80998      1.003877     0.4241025E-01
    430  12.83998      1.005786     0.4173305E-01
    431  12.86998      1.005978     0.4290489E-01
    432  12.89998      1.005519     0.4178444E-01
    433  12.92998      1.006876     0.4170877E-01
    434  12.95998      1.005418     0.4172305E-01
    435  12.98998      1.004943     0.4156848E-01
    436  13.01998      1.005331     0.4161434E-01
    437  13.04998      1.005634     0.4162866E-01
    438  13.07998      1.004768     0.4306159E-01
    439  13.10998      1.003979     0.4279083E-01
    440  13.13998      1.004362     0.4311416E-01
    441  13.16998      1.004619     0.4229062E-01
    442  13.19998      1.003290     0.4314870E-01
    443  13.22998      1.003454     0.4322185E-01
    444  13.25998      1.003435     0.4280058E-01
    445  13.28998      1.004632     0.4264572E-01
    446  13.31998      1.002597     0.4285346E-01
    447  13.34998      1.003314     0.4273228E-01
    448  13.37998      1.003782     0.4472240E-01
    449  13.40998      1.001495     0.4408344E-01
    450  13.43998      1.000591     0.4246223E-01
    451  13.46998      1.000123     0.4306297E-01
    452  13.49998      1.001779     0.4280058E-01
    453  13.52997      1.001788     0.4307820E-01
    454  13.55997      1.000483     0.4291739E-01
    455  13.58997      1.001095     0.4374411E-01
    456  13.61997     0.9997140     0.4404354E-01
    457  13.64997     0.9981456     0.4372026E-01
    458  13.67997     0.9995257     0.4379586E-01
    459  13.70997     0.9996956     0.4461165E-01
    460  13.73997      1.000001     0.4387609E-01
    461  13.76997     0.9988470     0.4442756E-01
    462  13.79997      1.000194     0.4452338E-01
    463  13.82997     0.9985591     0.4496166E-01
    464  13.85997     0.9982964     0.4492652E-01
    465  13.88997     0.9992488     0.4486412E-01
    466  13.91997      1.000209     0.4539834E-01
    467  13.94997     0.9988368     0.4406857E-01
    468  13.97997     0.9979627     0.4396701E-01
    469  14.00997     0.9979408     0.4468240E-01
    470  14.03997     0.9976818     0.4351460E-01
    471  14.06997     0.9967760     0.4513103E-01
    472  14.09997     0.9975981     0.4467240E-01
    473  14.12997     0.9971069     0.4440273E-01
    474  14.15997     0.9969415     0.4606954E-01
    475  14.18997     0.9967518     0.4475571E-01
    476  14.21997     0.9985687     0.4455750E-01
    477  14.24997     0.9973835     0.4540491E-01
    478  14.27997     0.9979188     0.4497492E-01
    479  14.30997     0.9965015     0.4534382E-01
    480  14.33997     0.9972618     0.4666727E-01
    481  14.36997     0.9973894     0.4635780E-01
    482  14.39997     0.9980615     0.4666408E-01
    483  14.42997     0.9981502     0.4605918E-01
    484  14.45997     0.9988666     0.4682347E-01
    485  14.48997     0.9985693     0.4683366E-01
    486  14.51997      1.001629     0.4610834E-01
    487  14.54997     0.9976696     0.4587506E-01
    488  14.57997     0.9995285     0.4628510E-01
    489  14.60997     0.9992940     0.4565364E-01
    490  14.63997      1.000080     0.4547574E-01
    491  14.66996     0.9997200     0.4687564E-01
    492  14.69996     0.9994077     0.4597370E-01
    493  14.72996     0.9997832     0.4685656E-01
    494  14.75996     0.9989546     0.4664683E-01
    495  14.78996      1.000661     0.4769561E-01
    496  14.81996     0.9967945     0.4780296E-01
    497  14.84996     0.9973351     0.4840330E-01
    498  14.87996     0.9992819     0.4759239E-01
    499  14.90996     0.9988430     0.4741862E-01
    500  14.93996     0.9984154     0.4807711E-01
    501  14.96996     0.9973823     0.4774994E-01
    502  14.99996     0.9977349     0.4807897E-01
    503  15.02996     0.9971173     0.4861097E-01
    504  15.05996     0.9988119     0.4822689E-01
    505  15.08996     0.9980900     0.4874627E-01
    506  15.11996     0.9967191     0.4852015E-01
    507  15.14996     0.9997198     0.4884338E-01
    508  15.17996     0.9961564     0.4876583E-01
    509  15.20996     0.9978762     0.4825963E-01
    510  15.23996     0.9985988     0.5040366E-01
    511  15.26996     0.9960222     0.4805045E-01
    512  15.29996     0.9975676     0.5005597E-01
    513  15.32996      1.000606     0.4953228E-01
    514  15.35996     0.9999873     0.4958279E-01
    515  15.38996     0.9996374     0.4949014E-01
    516  15.41996     0.9995773     0.5004526E-01
    517  15.44996     0.9999313     0.4965487E-01
    518  15.47996      1.002347     0.5162405E-01
    519  15.50996      1.001690     0.5008038E-01
    520  15.53996      1.003672     0.5074837E-01
    521  15.56996      1.000091     0.5124278E-01
    522  15.59996     0.9987200     0.5094238E-01
    523  15.62996      1.001842     0.5067903E-01
    524  15.65996      1.001578     0.5061430E-01
    525  15.68996      1.002507     0.5178429E-01
    526  15.71996      1.000455     0.5277618E-01
    527  15.74996      1.003652     0.5248740E-01
    528  15.77995      1.003768     0.5156398E-01
    529  15.80995     0.9994087     0.5324057E-01
    530  15.83995      1.001315     0.5163675E-01
    531  15.86995      1.001498     0.5168521E-01
    532  15.89995     0.9996763     0.5258043E-01
    533  15.92995      1.001091     0.5410676E-01
    534  15.95995      1.001920     0.5358539E-01
    535  15.98995      1.000639     0.5368985E-01
    536  16.01995      1.002874     0.5312626E-01
    537  16.04996      1.001779     0.5462971E-01
    538  16.07996      1.000815     0.5541078E-01
    539  16.10996      1.001100     0.5392911E-01
    540  16.13996      1.002051     0.5520062E-01
    541  16.16996      1.002348     0.5407591E-01
    542  16.19996      1.001698     0.5540110E-01
    543  16.22996      1.001032     0.5462534E-01
    544  16.25996      1.002447     0.5479965E-01
    545  16.28996      1.003660     0.5552576E-01
    546  16.31996     0.9999981     0.5461225E-01
    547  16.34996      1.003476     0.5683288E-01
    548  16.37996      1.000544     0.5708402E-01
    549  16.40996      1.003691     0.5760684E-01
    550  16.43996      1.003987     0.5787935E-01
    551  16.46996      1.003777     0.5754369E-01
    552  16.49997      1.001574     0.5759028E-01
    553  16.52997      1.002955     0.5759235E-01
    554  16.55997      1.001396     0.5892039E-01
    555  16.58997      1.005126     0.5833888E-01
    556  16.61997      1.000708     0.6047891E-01
    557  16.64997      1.002486     0.6049566E-01
    558  16.67997      1.003811     0.6040100E-01
    559  16.70997      1.003787     0.5955930E-01
    560  16.73997      1.003972     0.6104590E-01
    561  16.76997      1.005883     0.6055672E-01
    562  16.79997      1.005969     0.6277215E-01
    563  16.82997      1.003485     0.6036053E-01
    564  16.85997      1.004083     0.6142551E-01
    565  16.88997      1.003318     0.6087675E-01
    566  16.91998      1.003510     0.6370901E-01
    567  16.94998      1.001889     0.6207033E-01
    568  16.97998      1.002337     0.6252670E-01
    569  17.00998      1.003591     0.6400862E-01
    570  17.03998      1.001409     0.6462398E-01
    571  17.06998     0.9999763     0.6472444E-01
    572  17.09998      1.002573     0.6597310E-01
    573  17.12998     0.9961298     0.6558119E-01
    574  17.15998     0.9966438     0.6658910E-01
    575  17.18998     0.9997430     0.6443971E-01
    576  17.21998     0.9958271     0.6710804E-01
    577  17.24998     0.9977290     0.6725089E-01
    578  17.27998     0.9943774     0.6981355E-01
    579  17.30998     0.9928188     0.6744956E-01
    580  17.33998     0.9942447     0.6809379E-01
    581  17.36999     0.9940000     0.6885588E-01
    582  17.39999     0.9925032     0.6872764E-01
    583  17.42999     0.9938258     0.7137930E-01
    584  17.45999     0.9912301     0.7051270E-01
    585  17.48999     0.9930652     0.7237154E-01
    586  17.51999     0.9900817     0.7079826E-01
    587  17.54999     0.9909790     0.7205831E-01
    588  17.57999     0.9922360     0.7324503E-01
    589  17.60999     0.9892259     0.7414322E-01
    590  17.63999     0.9887735     0.7383226E-01
    591  17.66999     0.9914894     0.7411227E-01
    592  17.69999     0.9876820     0.7609867E-01
    593  17.72999     0.9909180     0.7714766E-01
    594  17.75999     0.9900305     0.7740105E-01
    595  17.79000     0.9898648     0.7715578E-01
    596  17.82000     0.9999992     0.1544081E-02
   
